              precision    recall  f1-score   support

           0       0.95      0.96      0.95       827
           1       0.92      0.97      0.94       937
           2       0.92      0.89      0.90       835
           3       0.89      0.88      0.88       870
           4       0.92      0.90      0.91       814
           5       0.85      0.82      0.84       759
           6       0.94      0.95      0.95       827
           7       0.91      0.89      0.90       880
           8       0.86      0.86      0.86       813
           9       0.84      0.87      0.85       838

    accuracy                           0.90      8400
   macro avg       0.90      0.90      0.90      8400
weighted avg       0.90      0.90      0.90      8400
