              precision    recall  f1-score   support

           0       0.93      0.95      0.94       827
           1       0.89      0.95      0.92       937
           2       0.87      0.87      0.87       835
           3       0.86      0.85      0.86       870
           4       0.88      0.91      0.89       814
           5       0.85      0.76      0.81       759
           6       0.93      0.91      0.92       827
           7       0.93      0.91      0.92       880
           8       0.82      0.83      0.82       813
           9       0.86      0.88      0.87       838

    accuracy                           0.88      8400
   macro avg       0.88      0.88      0.88      8400
weighted avg       0.88      0.88      0.88      8400
